set terminal png
set output "Quarta.png"
plot '-' with lines linewidth 2 title "f(x)", '-' with lines linewidth 2 title "f'(x)"
-3 -63
-2.99399 -62.6403
-2.98799 -62.282
-2.98198 -61.9251
-2.97598 -61.5695
-2.96997 -61.2153
-2.96396 -60.8624
-2.95796 -60.5109
-2.95195 -60.1608
-2.94595 -59.812
-2.93994 -59.4645
-2.93393 -59.1184
-2.92793 -58.7736
-2.92192 -58.4302
-2.91592 -58.0881
-2.90991 -57.7473
-2.9039 -57.4079
-2.8979 -57.0698
-2.89189 -56.733
-2.88589 -56.3976
-2.87988 -56.0635
-2.87387 -55.7307
-2.86787 -55.3992
-2.86186 -55.069
-2.85586 -54.7401
-2.84985 -54.4126
-2.84384 -54.0863
-2.83784 -53.7614
-2.83183 -53.4377
-2.82583 -53.1154
-2.81982 -52.7943
-2.81381 -52.4746
-2.80781 -52.1561
-2.8018 -51.8389
-2.7958 -51.523
-2.78979 -51.2084
-2.78378 -50.8951
-2.77778 -50.583
-2.77177 -50.2722
-2.76577 -49.9627
-2.75976 -49.6544
-2.75375 -49.3475
-2.74775 -49.0418
-2.74174 -48.7373
-2.73574 -48.4341
-2.72973 -48.1322
-2.72372 -47.8315
-2.71772 -47.5321
-2.71171 -47.2339
-2.70571 -46.9369
-2.6997 -46.6412
-2.69369 -46.3468
-2.68769 -46.0536
-2.68168 -45.7616
-2.67568 -45.4709
-2.66967 -45.1813
-2.66366 -44.893
-2.65766 -44.606
-2.65165 -44.3201
-2.64565 -44.0355
-2.63964 -43.7521
-2.63363 -43.4699
-2.62763 -43.189
-2.62162 -42.9092
-2.61562 -42.6306
-2.60961 -42.3533
-2.6036 -42.0771
-2.5976 -41.8022
-2.59159 -41.5284
-2.58559 -41.2558
-2.57958 -40.9845
-2.57357 -40.7143
-2.56757 -40.4453
-2.56156 -40.1775
-2.55556 -39.9108
-2.54955 -39.6454
-2.54354 -39.3811
-2.53754 -39.118
-2.53153 -38.8561
-2.52553 -38.5953
-2.51952 -38.3357
-2.51351 -38.0773
-2.50751 -37.82
-2.5015 -37.5638
-2.4955 -37.3089
-2.48949 -37.0551
-2.48348 -36.8024
-2.47748 -36.5509
-2.47147 -36.3005
-2.46547 -36.0513
-2.45946 -35.8032
-2.45345 -35.5562
-2.44745 -35.3104
-2.44144 -35.0657
-2.43544 -34.8222
-2.42943 -34.5797
-2.42342 -34.3384
-2.41742 -34.0982
-2.41141 -33.8592
-2.40541 -33.6212
-2.3994 -33.3844
-2.39339 -33.1486
-2.38739 -32.914
-2.38138 -32.6805
-2.37538 -32.4481
-2.36937 -32.2168
-2.36336 -31.9866
-2.35736 -31.7574
-2.35135 -31.5294
-2.34535 -31.3025
-2.33934 -31.0766
-2.33333 -30.8519
-2.32733 -30.6282
-2.32132 -30.4056
-2.31532 -30.184
-2.30931 -29.9636
-2.3033 -29.7442
-2.2973 -29.5259
-2.29129 -29.3086
-2.28529 -29.0925
-2.27928 -28.8773
-2.27327 -28.6633
-2.26727 -28.4503
-2.26126 -28.2383
-2.25526 -28.0274
-2.24925 -27.8176
-2.24324 -27.6088
-2.23724 -27.401
-2.23123 -27.1943
-2.22523 -26.9886
-2.21922 -26.784
-2.21321 -26.5803
-2.20721 -26.3777
-2.2012 -26.1762
-2.1952 -25.9757
-2.18919 -25.7761
-2.18318 -25.5777
-2.17718 -25.3802
-2.17117 -25.1837
-2.16517 -24.9883
-2.15916 -24.7938
-2.15315 -24.6004
-2.14715 -24.408
-2.14114 -24.2165
-2.13514 -24.0261
-2.12913 -23.8367
-2.12312 -23.6483
-2.11712 -23.4608
-2.11111 -23.2743
-2.10511 -23.0889
-2.0991 -22.9044
-2.09309 -22.7209
-2.08709 -22.5384
-2.08108 -22.3568
-2.07508 -22.1762
-2.06907 -21.9966
-2.06306 -21.818
-2.05706 -21.6403
-2.05105 -21.4636
-2.04505 -21.2878
-2.03904 -21.113
-2.03303 -20.9392
-2.02703 -20.7663
-2.02102 -20.5944
-2.01502 -20.4234
-2.00901 -20.2533
-2.003 -20.0842
-1.997 -19.916
-1.99099 -19.7488
-1.98498 -19.5825
-1.97898 -19.4171
-1.97297 -19.2527
-1.96697 -19.0892
-1.96096 -18.9266
-1.95495 -18.7649
-1.94895 -18.6042
-1.94294 -18.4444
-1.93694 -18.2854
-1.93093 -18.1274
-1.92492 -17.9703
-1.91892 -17.8141
-1.91291 -17.6588
-1.90691 -17.5044
-1.9009 -17.3509
-1.89489 -17.1983
-1.88889 -17.0466
-1.88288 -16.8958
-1.87688 -16.7459
-1.87087 -16.5968
-1.86486 -16.4487
-1.85886 -16.3014
-1.85285 -16.155
-1.84685 -16.0095
-1.84084 -15.8648
-1.83483 -15.721
-1.82883 -15.5781
-1.82282 -15.436
-1.81682 -15.2948
-1.81081 -15.1545
-1.8048 -15.015
-1.7988 -14.8763
-1.79279 -14.7386
-1.78679 -14.6016
-1.78078 -14.4655
-1.77477 -14.3303
-1.76877 -14.1959
-1.76276 -14.0623
-1.75676 -13.9296
-1.75075 -13.7977
-1.74474 -13.6666
-1.73874 -13.5364
-1.73273 -13.4069
-1.72673 -13.2784
-1.72072 -13.1506
-1.71471 -13.0236
-1.70871 -12.8975
-1.7027 -12.7721
-1.6967 -12.6476
-1.69069 -12.5239
-1.68468 -12.401
-1.67868 -12.2789
-1.67267 -12.1576
-1.66667 -12.037
-1.66066 -11.9173
-1.65465 -11.7984
-1.64865 -11.6802
-1.64264 -11.5629
-1.63664 -11.4463
-1.63063 -11.3305
-1.62462 -11.2155
-1.61862 -11.1012
-1.61261 -10.9878
-1.60661 -10.8751
-1.6006 -10.7632
-1.59459 -10.652
-1.58859 -10.5416
-1.58258 -10.4319
-1.57658 -10.3231
-1.57057 -10.2149
-1.56456 -10.1075
-1.55856 -10.0009
-1.55255 -9.89503
-1.54655 -9.78989
-1.54054 -9.68549
-1.53453 -9.58183
-1.52853 -9.47891
-1.52252 -9.37672
-1.51652 -9.27526
-1.51051 -9.17453
-1.5045 -9.07453
-1.4985 -8.97525
-1.49249 -8.87669
-1.48649 -8.77885
-1.48048 -8.68172
-1.47447 -8.58531
-1.46847 -8.48961
-1.46246 -8.39462
-1.45646 -8.30033
-1.45045 -8.20674
-1.44444 -8.11385
-1.43844 -8.02167
-1.43243 -7.93017
-1.42643 -7.83937
-1.42042 -7.74926
-1.41441 -7.65983
-1.40841 -7.57109
-1.4024 -7.48303
-1.3964 -7.39565
-1.39039 -7.30895
-1.38438 -7.22292
-1.37838 -7.13756
-1.37237 -7.05287
-1.36637 -6.96885
-1.36036 -6.88549
-1.35435 -6.80279
-1.34835 -6.72075
-1.34234 -6.63937
-1.33634 -6.55864
-1.33033 -6.47856
-1.32432 -6.39913
-1.31832 -6.32034
-1.31231 -6.2422
-1.30631 -6.16469
-1.3003 -6.08783
-1.29429 -6.0116
-1.28829 -5.936
-1.28228 -5.86103
-1.27628 -5.78669
-1.27027 -5.71297
-1.26426 -5.63987
-1.25826 -5.5674
-1.25225 -5.49554
-1.24625 -5.42429
-1.24024 -5.35366
-1.23423 -5.28364
-1.22823 -5.21422
-1.22222 -5.1454
-1.21622 -5.07719
-1.21021 -5.00958
-1.2042 -4.94256
-1.1982 -4.87613
-1.19219 -4.8103
-1.18619 -4.74505
-1.18018 -4.68039
-1.17417 -4.61632
-1.16817 -4.55282
-1.16216 -4.4899
-1.15616 -4.42756
-1.15015 -4.36579
-1.14414 -4.30459
-1.13814 -4.24395
-1.13213 -4.18388
-1.12613 -4.12438
-1.12012 -4.06543
-1.11411 -4.00704
-1.10811 -3.9492
-1.1021 -3.89192
-1.0961 -3.83518
-1.09009 -3.779
-1.08408 -3.72335
-1.07808 -3.66825
-1.07207 -3.61369
-1.06607 -3.55966
-1.06006 -3.50616
-1.05405 -3.4532
-1.04805 -3.40077
-1.04204 -3.34886
-1.03604 -3.29747
-1.03003 -3.24661
-1.02402 -3.19626
-1.01802 -3.14643
-1.01201 -3.09711
-1.00601 -3.0483
-1 -3
-0.993994 -2.9522
-0.987988 -2.90491
-0.981982 -2.85812
-0.975976 -2.81182
-0.96997 -2.76602
-0.963964 -2.72071
-0.957958 -2.67589
-0.951952 -2.63155
-0.945946 -2.5877
-0.93994 -2.54434
-0.933934 -2.50145
-0.927928 -2.45904
-0.921922 -2.4171
-0.915916 -2.37563
-0.90991 -2.33463
-0.903904 -2.2941
-0.897898 -2.25403
-0.891892 -2.21442
-0.885886 -2.17527
-0.87988 -2.13657
-0.873874 -2.09833
-0.867868 -2.06054
-0.861862 -2.0232
-0.855856 -1.9863
-0.84985 -1.94984
-0.843844 -1.91383
-0.837838 -1.87825
-0.831832 -1.84311
-0.825826 -1.8084
-0.81982 -1.77411
-0.813814 -1.74026
-0.807808 -1.70683
-0.801802 -1.67382
-0.795796 -1.64123
-0.78979 -1.60906
-0.783784 -1.5773
-0.777778 -1.54595
-0.771772 -1.51502
-0.765766 -1.48448
-0.75976 -1.45435
-0.753754 -1.42463
-0.747748 -1.3953
-0.741742 -1.36636
-0.735736 -1.33782
-0.72973 -1.30968
-0.723724 -1.28191
-0.717718 -1.25454
-0.711712 -1.22755
-0.705706 -1.20093
-0.6997 -1.1747
-0.693694 -1.14884
-0.687688 -1.12335
-0.681682 -1.09823
-0.675676 -1.07348
-0.66967 -1.04909
-0.663664 -1.02507
-0.657658 -1.00141
-0.651652 -0.978097
-0.645646 -0.955144
-0.63964 -0.932542
-0.633634 -0.910289
-0.627628 -0.888382
-0.621622 -0.866819
-0.615616 -0.845598
-0.60961 -0.824715
-0.603604 -0.804168
-0.597598 -0.783954
-0.591592 -0.764072
-0.585586 -0.744517
-0.57958 -0.725289
-0.573574 -0.706383
-0.567568 -0.687797
-0.561562 -0.66953
-0.555556 -0.651578
-0.54955 -0.633938
-0.543544 -0.616608
-0.537538 -0.599586
-0.531532 -0.582868
-0.525526 -0.566453
-0.51952 -0.550338
-0.513514 -0.534519
-0.507508 -0.518995
-0.501502 -0.503763
-0.495495 -0.48882
-0.489489 -0.474163
-0.483483 -0.459791
-0.477477 -0.4457
-0.471471 -0.431888
-0.465465 -0.418352
-0.459459 -0.40509
-0.453453 -0.392098
-0.447447 -0.379375
-0.441441 -0.366918
-0.435435 -0.354725
-0.429429 -0.342791
-0.423423 -0.331116
-0.417417 -0.319697
-0.411411 -0.30853
-0.405405 -0.297613
-0.399399 -0.286944
-0.393393 -0.27652
-0.387387 -0.266339
-0.381381 -0.256397
-0.375375 -0.246692
-0.369369 -0.237223
-0.363363 -0.227985
-0.357357 -0.218976
-0.351351 -0.210195
-0.345345 -0.201638
-0.339339 -0.193302
-0.333333 -0.185185
-0.327327 -0.177285
-0.321321 -0.169599
-0.315315 -0.162123
-0.309309 -0.154857
-0.303303 -0.147796
-0.297297 -0.140939
-0.291291 -0.134283
-0.285285 -0.127825
-0.279279 -0.121563
-0.273273 -0.115493
-0.267267 -0.109615
-0.261261 -0.103923
-0.255255 -0.0984177
-0.249249 -0.0930945
-0.243243 -0.0879514
-0.237237 -0.0829856
-0.231231 -0.0781948
-0.225225 -0.0735761
-0.219219 -0.0691271
-0.213213 -0.0648452
-0.207207 -0.0607276
-0.201201 -0.0567719
-0.195195 -0.0529755
-0.189189 -0.0493357
-0.183183 -0.0458499
-0.177177 -0.0425156
-0.171171 -0.0393301
-0.165165 -0.0362908
-0.159159 -0.0333952
-0.153153 -0.0306406
-0.147147 -0.0280244
-0.141141 -0.0255441
-0.135135 -0.023197
-0.129129 -0.0209806
-0.123123 -0.0188922
-0.117117 -0.0169293
-0.111111 -0.0150892
-0.105105 -0.0133693
-0.0990991 -0.0117671
-0.0930931 -0.0102799
-0.0870871 -0.00890513
-0.0810811 -0.00764022
-0.0750751 -0.00648255
-0.0690691 -0.00542953
-0.0630631 -0.00447855
-0.0570571 -0.00362701
-0.0510511 -0.00287231
-0.045045 -0.00221185
-0.039039 -0.00164304
-0.033033 -0.00116327
-0.027027 -0.000769945
-0.021021 -0.000460461
-0.015015 -0.000232221
-0.00900901 -8.26246e-05
-0.003003 -9.07219e-06
0.003003 -8.96386e-06
0.00900901 -7.96999e-05
0.015015 -0.00021868
0.021021 -0.000423306
0.027027 -0.000690976
0.033033 -0.00101909
0.039039 -0.00140505
0.045045 -0.00184626
0.0510511 -0.00234011
0.0570571 -0.00288401
0.0630631 -0.00347535
0.0690691 -0.00411154
0.0750751 -0.00478998
0.0810811 -0.00550806
0.0870871 -0.0062632
0.0930931 -0.00705277
0.0990991 -0.0078742
0.105105 -0.00872487
0.111111 -0.00960219
0.117117 -0.0105036
0.123123 -0.0114264
0.129129 -0.012368
0.135135 -0.013326
0.141141 -0.0142975
0.147147 -0.0152801
0.153153 -0.0162712
0.159159 -0.0172681
0.165165 -0.0182683
0.171171 -0.0192691
0.177177 -0.0202679
0.183183 -0.0212623
0.189189 -0.0222494
0.195195 -0.0232268
0.201201 -0.0241919
0.207207 -0.025142
0.213213 -0.0260746
0.219219 -0.026987
0.225225 -0.0278767
0.231231 -0.028741
0.237237 -0.0295774
0.243243 -0.0303832
0.249249 -0.0311559
0.255255 -0.0318928
0.261261 -0.0325914
0.267267 -0.033249
0.273273 -0.0338631
0.279279 -0.0344311
0.285285 -0.0349503
0.291291 -0.0354181
0.297297 -0.035832
0.303303 -0.0361894
0.309309 -0.0364876
0.315315 -0.0367241
0.321321 -0.0368962
0.327327 -0.0370014
0.333333 -0.037037
0.339339 -0.0370005
0.345345 -0.0368893
0.351351 -0.0367007
0.357357 -0.0364322
0.363363 -0.0360811
0.369369 -0.0356448
0.375375 -0.0351209
0.381381 -0.0345066
0.387387 -0.0337993
0.393393 -0.0329965
0.399399 -0.0320956
0.405405 -0.0310939
0.411411 -0.0299889
0.417417 -0.0287779
0.423423 -0.0274584
0.429429 -0.0260278
0.435435 -0.0244834
0.441441 -0.0228227
0.447447 -0.021043
0.453453 -0.0191418
0.459459 -0.0171165
0.465465 -0.0149644
0.471471 -0.0126829
0.477477 -0.0102696
0.483483 -0.00772168
0.489489 -0.00503664
0.495495 -0.00221185
0.501502 0.000755267
0.507508 0.00386733
0.513514 0.00712692
0.51952 0.0105367
0.525526 0.0140991
0.531532 0.0178169
0.537538 0.0216927
0.543544 0.025729
0.54955 0.0299284
0.555556 0.0342936
0.561562 0.038827
0.567568 0.0435315
0.573574 0.0484094
0.57958 0.0534635
0.585586 0.0586964
0.591592 0.0641106
0.597598 0.0697087
0.603604 0.0754933
0.60961 0.0814671
0.615616 0.0876326
0.621622 0.0939925
0.627628 0.100549
0.633634 0.107306
0.63964 0.114264
0.645646 0.121427
0.651652 0.128798
0.657658 0.136378
0.663664 0.144171
0.66967 0.152179
0.675676 0.160405
0.681682 0.168851
0.687688 0.17752
0.693694 0.186415
0.6997 0.195538
0.705706 0.204891
0.711712 0.214478
0.717718 0.224301
0.723724 0.234362
0.72973 0.244665
0.735736 0.255211
0.741742 0.266003
0.747748 0.277045
0.753754 0.288338
0.75976 0.299885
0.765766 0.311689
0.771772 0.323752
0.777778 0.336077
0.783784 0.348666
0.78979 0.361523
0.795796 0.37465
0.801802 0.388048
0.807808 0.401722
0.813814 0.415673
0.81982 0.429905
0.825826 0.444419
0.831832 0.459218
0.837838 0.474306
0.843844 0.489683
0.84985 0.505354
0.855856 0.521321
0.861862 0.537586
0.867868 0.554152
0.873874 0.571022
0.87988 0.588197
0.885886 0.605682
0.891892 0.623477
0.897898 0.641587
0.903904 0.660013
0.90991 0.678758
0.915916 0.697825
0.921922 0.717217
0.927928 0.736935
0.933934 0.756983
0.93994 0.777363
0.945946 0.798077
0.951952 0.819129
0.957958 0.840521
0.963964 0.862255
0.96997 0.884335
0.975976 0.906762
0.981982 0.929539
0.987988 0.95267
0.993994 0.976156
1 1
1.00601 1.0242
1.01201 1.04877
1.01802 1.07371
1.02402 1.09901
1.03003 1.12468
1.03604 1.15073
1.04204 1.17715
1.04805 1.20396
1.05405 1.23114
1.06006 1.25871
1.06607 1.28666
1.07207 1.31501
1.07808 1.34375
1.08408 1.37288
1.09009 1.4024
1.0961 1.43233
1.1021 1.46266
1.10811 1.4934
1.11411 1.52454
1.12012 1.55609
1.12613 1.58806
1.13213 1.62044
1.13814 1.65324
1.14414 1.68645
1.15015 1.7201
1.15616 1.75416
1.16216 1.78866
1.16817 1.82359
1.17417 1.85895
1.18018 1.89474
1.18619 1.93098
1.19219 1.96766
1.1982 2.00478
1.2042 2.04234
1.21021 2.08036
1.21622 2.11883
1.22222 2.15775
1.22823 2.19713
1.23423 2.23697
1.24024 2.27727
1.24625 2.31803
1.25225 2.35927
1.25826 2.40097
1.26426 2.44315
1.27027 2.4858
1.27628 2.52892
1.28228 2.57253
1.28829 2.61662
1.29429 2.6612
1.3003 2.70626
1.30631 2.75182
1.31231 2.79787
1.31832 2.84441
1.32432 2.89146
1.33033 2.939
1.33634 2.98705
1.34234 3.0356
1.34835 3.08467
1.35435 3.13424
1.36036 3.18433
1.36637 3.23494
1.37237 3.28606
1.37838 3.33771
1.38438 3.38988
1.39039 3.44258
1.3964 3.49581
1.4024 3.54957
1.40841 3.60386
1.41441 3.6587
1.42042 3.71407
1.42643 3.76999
1.43243 3.82645
1.43844 3.88346
1.44444 3.94102
1.45045 3.99913
1.45646 4.0578
1.46246 4.11702
1.46847 4.17681
1.47447 4.23716
1.48048 4.29808
1.48649 4.35956
1.49249 4.42162
1.4985 4.48425
1.5045 4.54746
1.51051 4.61125
1.51652 4.67561
1.52252 4.74057
1.52853 4.80611
1.53453 4.87224
1.54054 4.93896
1.54655 5.00627
1.55255 5.07419
1.55856 5.1427
1.56456 5.21181
1.57057 5.28154
1.57658 5.35186
1.58258 5.4228
1.58859 5.49435
1.59459 5.56652
1.6006 5.63931
1.60661 5.71271
1.61261 5.78674
1.61862 5.8614
1.62462 5.93668
1.63063 6.01259
1.63664 6.08914
1.64264 6.16633
1.64865 6.24415
1.65465 6.32262
1.66066 6.40173
1.66667 6.48148
1.67267 6.56189
1.67868 6.64294
1.68468 6.72466
1.69069 6.80702
1.6967 6.89005
1.7027 6.97374
1.70871 7.0581
1.71471 7.14312
1.72072 7.22881
1.72673 7.31518
1.73273 7.40222
1.73874 7.48994
1.74474 7.57834
1.75075 7.66742
1.75676 7.75719
1.76276 7.84765
1.76877 7.9388
1.77477 8.03064
1.78078 8.12317
1.78679 8.21641
1.79279 8.31035
1.7988 8.40499
1.8048 8.50033
1.81081 8.59639
1.81682 8.69316
1.82282 8.79064
1.82883 8.88884
1.83483 8.98776
1.84084 9.0874
1.84685 9.18777
1.85285 9.28886
1.85886 9.39068
1.86486 9.49324
1.87087 9.59653
1.87688 9.70056
1.88288 9.80533
1.88889 9.91084
1.89489 10.0171
1.9009 10.1241
1.90691 10.2319
1.91291 10.3404
1.91892 10.4496
1.92492 10.5597
1.93093 10.6704
1.93694 10.782
1.94294 10.8943
1.94895 11.0074
1.95495 11.1212
1.96096 11.2359
1.96697 11.3513
1.97297 11.4675
1.97898 11.5844
1.98498 11.7022
1.99099 11.8207
1.997 11.94
2.003 12.0602
2.00901 12.1811
2.01502 12.3028
2.02102 12.4253
2.02703 12.5486
2.03303 12.6727
2.03904 12.7977
2.04505 12.9234
2.05105 13.05
2.05706 13.1773
2.06306 13.3055
2.06907 13.4345
2.07508 13.5643
2.08108 13.695
2.08709 13.8265
2.09309 13.9588
2.0991 14.092
2.10511 14.2259
2.11111 14.3608
2.11712 14.4964
2.12312 14.6329
2.12913 14.7703
2.13514 14.9085
2.14114 15.0476
2.14715 15.1875
2.15315 15.3283
2.15916 15.4699
2.16517 15.6124
2.17117 15.7557
2.17718 15.9
2.18318 16.0451
2.18919 16.191
2.1952 16.3379
2.2012 16.4856
2.20721 16.6342
2.21321 16.7837
2.21922 16.9341
2.22523 17.0853
2.23123 17.2375
2.23724 17.3905
2.24324 17.5445
2.24925 17.6993
2.25526 17.8551
2.26126 18.0117
2.26727 18.1693
2.27327 18.3277
2.27928 18.4871
2.28529 18.6474
2.29129 18.8086
2.2973 18.9707
2.3033 19.1338
2.30931 19.2978
2.31532 19.4627
2.32132 19.6285
2.32733 19.7953
2.33333 19.963
2.33934 20.1316
2.34535 20.3012
2.35135 20.4717
2.35736 20.6432
2.36336 20.8156
2.36937 20.9889
2.37538 21.1633
2.38138 21.3385
2.38739 21.5148
2.39339 21.692
2.3994 21.8701
2.40541 22.0493
2.41141 22.2294
2.41742 22.4104
2.42342 22.5925
2.42943 22.7755
2.43544 22.9595
2.44144 23.1445
2.44745 23.3304
2.45345 23.5174
2.45946 23.7053
2.46547 23.8942
2.47147 24.0842
2.47748 24.2751
2.48348 24.467
2.48949 24.66
2.4955 24.8539
2.5015 25.0488
2.50751 25.2448
2.51351 25.4418
2.51952 25.6397
2.52553 25.8387
2.53153 26.0388
2.53754 26.2398
2.54354 26.4419
2.54955 26.645
2.55556 26.8491
2.56156 27.0543
2.56757 27.2605
2.57357 27.4677
2.57958 27.676
2.58559 27.8853
2.59159 28.0957
2.5976 28.3071
2.6036 28.5196
2.60961 28.7331
2.61562 28.9477
2.62162 29.1634
2.62763 29.3801
2.63363 29.5979
2.63964 29.8167
2.64565 30.0366
2.65165 30.2576
2.65766 30.4797
2.66366 30.7028
2.66967 30.9271
2.67568 31.1524
2.68168 31.3788
2.68769 31.6062
2.69369 31.8348
2.6997 32.0645
2.70571 32.2953
2.71171 32.5271
2.71772 32.7601
2.72372 32.9941
2.72973 33.2293
2.73574 33.4656
2.74174 33.703
2.74775 33.9415
2.75375 34.1811
2.75976 34.4219
2.76577 34.6638
2.77177 34.9068
2.77778 35.1509
2.78378 35.3961
2.78979 35.6425
2.7958 35.8901
2.8018 36.1387
2.80781 36.3885
2.81381 36.6395
2.81982 36.8916
2.82583 37.1448
2.83183 37.3992
2.83784 37.6547
2.84384 37.9114
2.84985 38.1693
2.85586 38.4283
2.86186 38.6885
2.86787 38.9498
2.87387 39.2124
2.87988 39.4761
2.88589 39.7409
2.89189 40.007
2.8979 40.2742
2.9039 40.5426
2.90991 40.8122
2.91592 41.083
2.92192 41.3549
2.92793 41.6281
2.93393 41.9025
2.93994 42.178
2.94595 42.4548
2.95195 42.7327
2.95796 43.0119
2.96396 43.2923
2.96997 43.5738
2.97598 43.8566
2.98198 44.1406
2.98799 44.4259
2.99399 44.7123
3 45
e
-3 60
-2.99399 59.772
-2.98799 59.5444
-2.98198 59.3173
-2.97598 59.0906
-2.96997 58.8643
-2.96396 58.6384
-2.95796 58.413
-2.95195 58.188
-2.94595 57.9635
-2.93994 57.7394
-2.93393 57.5157
-2.92793 57.2924
-2.92192 57.0696
-2.91592 56.8472
-2.90991 56.6253
-2.9039 56.4038
-2.8979 56.1827
-2.89189 55.962
-2.88589 55.7418
-2.87988 55.522
-2.87387 55.3027
-2.86787 55.0837
-2.86186 54.8653
-2.85586 54.6472
-2.84985 54.4296
-2.84384 54.2124
-2.83784 53.9956
-2.83183 53.7793
-2.82583 53.5634
-2.81982 53.3479
-2.81381 53.1329
-2.80781 52.9183
-2.8018 52.7042
-2.7958 52.4904
-2.78979 52.2771
-2.78378 52.0643
-2.77778 51.8519
-2.77177 51.6399
-2.76577 51.4283
-2.75976 51.2172
-2.75375 51.0065
-2.74775 50.7962
-2.74174 50.5864
-2.73574 50.377
-2.72973 50.168
-2.72372 49.9595
-2.71772 49.7514
-2.71171 49.5437
-2.70571 49.3365
-2.6997 49.1297
-2.69369 48.9233
-2.68769 48.7174
-2.68168 48.5119
-2.67568 48.3068
-2.66967 48.1022
-2.66366 47.898
-2.65766 47.6942
-2.65165 47.4908
-2.64565 47.2879
-2.63964 47.0855
-2.63363 46.8834
-2.62763 46.6818
-2.62162 46.4807
-2.61562 46.2799
-2.60961 46.0796
-2.6036 45.8797
-2.5976 45.6803
-2.59159 45.4813
-2.58559 45.2827
-2.57958 45.0846
-2.57357 44.8868
-2.56757 44.6896
-2.56156 44.4927
-2.55556 44.2963
-2.54955 44.1003
-2.54354 43.9048
-2.53754 43.7097
-2.53153 43.515
-2.52553 43.3207
-2.51952 43.1269
-2.51351 42.9335
-2.50751 42.7406
-2.5015 42.5481
-2.4955 42.356
-2.48949 42.1643
-2.48348 41.9731
-2.47748 41.7823
-2.47147 41.592
-2.46547 41.4021
-2.45946 41.2126
-2.45345 41.0235
-2.44745 40.8349
-2.44144 40.6467
-2.43544 40.4589
-2.42943 40.2716
-2.42342 40.0847
-2.41742 39.8983
-2.41141 39.7123
-2.40541 39.5267
-2.3994 39.3415
-2.39339 39.1568
-2.38739 38.9725
-2.38138 38.7886
-2.37538 38.6052
-2.36937 38.4222
-2.36336 38.2396
-2.35736 38.0575
-2.35135 37.8758
-2.34535 37.6946
-2.33934 37.5137
-2.33333 37.3333
-2.32733 37.1534
-2.32132 36.9738
-2.31532 36.7947
-2.30931 36.6161
-2.3033 36.4378
-2.2973 36.2601
-2.29129 36.0827
-2.28529 35.9057
-2.27928 35.7292
-2.27327 35.5532
-2.26727 35.3775
-2.26126 35.2023
-2.25526 35.0276
-2.24925 34.8532
-2.24324 34.6793
-2.23724 34.5059
-2.23123 34.3328
-2.22523 34.1602
-2.21922 33.988
-2.21321 33.8163
-2.20721 33.645
-2.2012 33.4741
-2.1952 33.3037
-2.18919 33.1337
-2.18318 32.9641
-2.17718 32.795
-2.17117 32.6263
-2.16517 32.458
-2.15916 32.2901
-2.15315 32.1227
-2.14715 31.9557
-2.14114 31.7892
-2.13514 31.6231
-2.12913 31.4574
-2.12312 31.2922
-2.11712 31.1273
-2.11111 30.963
-2.10511 30.799
-2.0991 30.6355
-2.09309 30.4724
-2.08709 30.3098
-2.08108 30.1476
-2.07508 29.9858
-2.06907 29.8244
-2.06306 29.6635
-2.05706 29.503
-2.05105 29.343
-2.04505 29.1833
-2.03904 29.0242
-2.03303 28.8654
-2.02703 28.7071
-2.02102 28.5492
-2.01502 28.3917
-2.00901 28.2347
-2.003 28.0781
-1.997 27.922
-1.99099 27.7663
-1.98498 27.611
-1.97898 27.4561
-1.97297 27.3017
-1.96697 27.1477
-1.96096 26.9941
-1.95495 26.841
-1.94895 26.6883
-1.94294 26.536
-1.93694 26.3842
-1.93093 26.2328
-1.92492 26.0819
-1.91892 25.9313
-1.91291 25.7812
-1.90691 25.6316
-1.9009 25.4824
-1.89489 25.3336
-1.88889 25.1852
-1.88288 25.0373
-1.87688 24.8898
-1.87087 24.7427
-1.86486 24.5961
-1.85886 24.4499
-1.85285 24.3041
-1.84685 24.1588
-1.84084 24.0139
-1.83483 23.8694
-1.82883 23.7254
-1.82282 23.5817
-1.81682 23.4386
-1.81081 23.2958
-1.8048 23.1535
-1.7988 23.0117
-1.79279 22.8702
-1.78679 22.7292
-1.78078 22.5886
-1.77477 22.4485
-1.76877 22.3088
-1.76276 22.1695
-1.75676 22.0307
-1.75075 21.8923
-1.74474 21.7543
-1.73874 21.6168
-1.73273 21.4796
-1.72673 21.343
-1.72072 21.2067
-1.71471 21.0709
-1.70871 20.9355
-1.7027 20.8006
-1.6967 20.6661
-1.69069 20.532
-1.68468 20.3983
-1.67868 20.2651
-1.67267 20.1323
-1.66667 20
-1.66066 19.8681
-1.65465 19.7366
-1.64865 19.6056
-1.64264 19.4749
-1.63664 19.3448
-1.63063 19.215
-1.62462 19.0857
-1.61862 18.9568
-1.61261 18.8283
-1.60661 18.7003
-1.6006 18.5727
-1.59459 18.4456
-1.58859 18.3189
-1.58258 18.1926
-1.57658 18.0667
-1.57057 17.9413
-1.56456 17.8163
-1.55856 17.6917
-1.55255 17.5676
-1.54655 17.4439
-1.54054 17.3207
-1.53453 17.1978
-1.52853 17.0755
-1.52252 16.9535
-1.51652 16.832
-1.51051 16.7109
-1.5045 16.5902
-1.4985 16.47
-1.49249 16.3502
-1.48649 16.2308
-1.48048 16.1119
-1.47447 15.9934
-1.46847 15.8753
-1.46246 15.7577
-1.45646 15.6405
-1.45045 15.5237
-1.44444 15.4074
-1.43844 15.2915
-1.43243 15.176
-1.42643 15.061
-1.42042 14.9464
-1.41441 14.8322
-1.40841 14.7185
-1.4024 14.6052
-1.3964 14.4923
-1.39039 14.3799
-1.38438 14.2679
-1.37838 14.1563
-1.37237 14.0452
-1.36637 13.9345
-1.36036 13.8242
-1.35435 13.7144
-1.34835 13.605
-1.34234 13.496
-1.33634 13.3874
-1.33033 13.2793
-1.32432 13.1717
-1.31832 13.0644
-1.31231 12.9576
-1.30631 12.8512
-1.3003 12.7453
-1.29429 12.6398
-1.28829 12.5347
-1.28228 12.4301
-1.27628 12.3258
-1.27027 12.2221
-1.26426 12.1187
-1.25826 12.0158
-1.25225 11.9133
-1.24625 11.8113
-1.24024 11.7097
-1.23423 11.6085
-1.22823 11.5077
-1.22222 11.4074
-1.21622 11.3075
-1.21021 11.2081
-1.2042 11.1091
-1.1982 11.0105
-1.19219 10.9123
-1.18619 10.8146
-1.18018 10.7173
-1.17417 10.6205
-1.16817 10.524
-1.16216 10.4281
-1.15616 10.3325
-1.15015 10.2374
-1.14414 10.1427
-1.13814 10.0484
-1.13213 9.9546
-1.12613 9.86121
-1.12012 9.76826
-1.11411 9.67573
-1.10811 9.58364
-1.1021 9.49198
-1.0961 9.40075
-1.09009 9.30996
-1.08408 9.2196
-1.07808 9.12967
-1.07207 9.04018
-1.06607 8.95111
-1.06006 8.86248
-1.05405 8.77429
-1.04805 8.68652
-1.04204 8.59919
-1.03604 8.5123
-1.03003 8.42583
-1.02402 8.3398
-1.01802 8.2542
-1.01201 8.16904
-1.00601 8.0843
-1 8
-0.993994 7.91613
-0.987988 7.8327
-0.981982 7.7497
-0.975976 7.66713
-0.96997 7.58499
-0.963964 7.50329
-0.957958 7.42202
-0.951952 7.34118
-0.945946 7.26077
-0.93994 7.1808
-0.933934 7.10126
-0.927928 7.02216
-0.921922 6.94348
-0.915916 6.86524
-0.90991 6.78744
-0.903904 6.71006
-0.897898 6.63312
-0.891892 6.55661
-0.885886 6.48053
-0.87988 6.40489
-0.873874 6.32968
-0.867868 6.2549
-0.861862 6.18056
-0.855856 6.10665
-0.84985 6.03317
-0.843844 5.96012
-0.837838 5.88751
-0.831832 5.81533
-0.825826 5.74358
-0.81982 5.67227
-0.813814 5.60139
-0.807808 5.53094
-0.801802 5.46092
-0.795796 5.39134
-0.78979 5.32219
-0.783784 5.25347
-0.777778 5.18519
-0.771772 5.11733
-0.765766 5.04991
-0.75976 4.98293
-0.753754 4.91638
-0.747748 4.85026
-0.741742 4.78457
-0.735736 4.71931
-0.72973 4.65449
-0.723724 4.5901
-0.717718 4.52615
-0.711712 4.46262
-0.705706 4.39953
-0.6997 4.33688
-0.693694 4.27465
-0.687688 4.21286
-0.681682 4.1515
-0.675676 4.09058
-0.66967 4.03008
-0.663664 3.97002
-0.657658 3.9104
-0.651652 3.8512
-0.645646 3.79244
-0.63964 3.73411
-0.633634 3.67622
-0.627628 3.61875
-0.621622 3.56172
-0.615616 3.50513
-0.60961 3.44896
-0.603604 3.39323
-0.597598 3.33793
-0.591592 3.28307
-0.585586 3.22863
-0.57958 3.17463
-0.573574 3.12107
-0.567568 3.06793
-0.561562 3.01523
-0.555556 2.96296
-0.54955 2.91113
-0.543544 2.85972
-0.537538 2.80875
-0.531532 2.75822
-0.525526 2.70811
-0.51952 2.65844
-0.513514 2.6092
-0.507508 2.5604
-0.501502 2.51203
-0.495495 2.46409
-0.489489 2.41658
-0.483483 2.3695
-0.477477 2.32286
-0.471471 2.27666
-0.465465 2.23088
-0.459459 2.18554
-0.453453 2.14063
-0.447447 2.09615
-0.441441 2.05211
-0.435435 2.0085
-0.429429 1.96532
-0.423423 1.92257
-0.417417 1.88026
-0.411411 1.83838
-0.405405 1.79693
-0.399399 1.75592
-0.393393 1.71534
-0.387387 1.67519
-0.381381 1.63547
-0.375375 1.59619
-0.369369 1.55734
-0.363363 1.51892
-0.357357 1.48094
-0.351351 1.44339
-0.345345 1.40627
-0.339339 1.36959
-0.333333 1.33333
-0.327327 1.29751
-0.321321 1.26213
-0.315315 1.22717
-0.309309 1.19265
-0.303303 1.15856
-0.297297 1.12491
-0.291291 1.09169
-0.285285 1.0589
-0.279279 1.02654
-0.273273 0.994616
-0.267267 0.963125
-0.261261 0.932067
-0.255255 0.901442
-0.249249 0.87125
-0.243243 0.84149
-0.237237 0.812164
-0.231231 0.78327
-0.225225 0.754809
-0.219219 0.726781
-0.213213 0.699186
-0.207207 0.672023
-0.201201 0.645294
-0.195195 0.618997
-0.189189 0.593134
-0.183183 0.567703
-0.177177 0.542705
-0.171171 0.51814
-0.165165 0.494008
-0.159159 0.470308
-0.153153 0.447042
-0.147147 0.424208
-0.141141 0.401807
-0.135135 0.379839
-0.129129 0.358304
-0.123123 0.337202
-0.117117 0.316533
-0.111111 0.296296
-0.105105 0.276493
-0.0990991 0.257122
-0.0930931 0.238184
-0.0870871 0.219679
-0.0810811 0.201607
-0.0750751 0.183968
-0.0690691 0.166761
-0.0630631 0.149988
-0.0570571 0.133647
-0.0510511 0.117739
-0.045045 0.102264
-0.039039 0.0872224
-0.033033 0.0726132
-0.027027 0.0584368
-0.021021 0.0446933
-0.015015 0.0313827
-0.00900901 0.018505
-0.003003 0.00606011
0.003003 -0.0059519
0.00900901 -0.017531
0.015015 -0.0286773
0.021021 -0.0393907
0.027027 -0.0496713
0.033033 -0.059519
0.039039 -0.0689338
0.045045 -0.0779158
0.0510511 -0.0864648
0.0570571 -0.0945811
0.0630631 -0.102264
0.0690691 -0.109515
0.0750751 -0.116333
0.0810811 -0.122717
0.0870871 -0.128669
0.0930931 -0.134188
0.0990991 -0.139274
0.105105 -0.143928
0.111111 -0.148148
0.117117 -0.151936
0.123123 -0.15529
0.129129 -0.158212
0.135135 -0.160701
0.141141 -0.162757
0.147147 -0.164381
0.153153 -0.165571
0.159159 -0.166328
0.165165 -0.166653
0.171171 -0.166545
0.177177 -0.166004
0.183183 -0.16503
0.189189 -0.163623
0.195195 -0.161783
0.201201 -0.159511
0.207207 -0.156805
0.213213 -0.153667
0.219219 -0.150096
0.225225 -0.146092
0.231231 -0.141655
0.237237 -0.136785
0.243243 -0.131483
0.249249 -0.125747
0.255255 -0.119579
0.261261 -0.112978
0.267267 -0.105944
0.273273 -0.0984769
0.279279 -0.0905771
0.285285 -0.0822444
0.291291 -0.0734789
0.297297 -0.0642805
0.303303 -0.0546492
0.309309 -0.0445851
0.315315 -0.0340881
0.321321 -0.0231583
0.327327 -0.0117956
0.333333 1.38778e-08
0.339339 0.0122284
0.345345 0.0248898
0.351351 0.0379839
0.357357 0.051511
0.363363 0.0654709
0.369369 0.0798636
0.375375 0.0946893
0.381381 0.109948
0.387387 0.125639
0.393393 0.141763
0.399399 0.15832
0.405405 0.17531
0.411411 0.192733
0.417417 0.210589
0.423423 0.228878
0.429429 0.247599
0.435435 0.266753
0.441441 0.28634
0.447447 0.30636
0.453453 0.326813
0.459459 0.347699
0.465465 0.369018
0.471471 0.390769
0.477477 0.412954
0.483483 0.435571
0.489489 0.458621
0.495495 0.482104
0.501502 0.50602
0.507508 0.530368
0.513514 0.55515
0.51952 0.580364
0.525526 0.606011
0.531532 0.632092
0.537538 0.658605
0.543544 0.68555
0.54955 0.712929
0.555556 0.740741
0.561562 0.768985
0.567568 0.797663
0.573574 0.826773
0.57958 0.856316
0.585586 0.886292
0.591592 0.9167
0.597598 0.947542
0.603604 0.978817
0.60961 1.01052
0.615616 1.04266
0.621622 1.07524
0.627628 1.10824
0.633634 1.14168
0.63964 1.17555
0.645646 1.20986
0.651652 1.2446
0.657658 1.27977
0.663664 1.31537
0.66967 1.35141
0.675676 1.38787
0.681682 1.42478
0.687688 1.46211
0.693694 1.49988
0.6997 1.53808
0.705706 1.57671
0.711712 1.61578
0.717718 1.65528
0.723724 1.69521
0.72973 1.73557
0.735736 1.77637
0.741742 1.8176
0.747748 1.85926
0.753754 1.90136
0.75976 1.94389
0.765766 1.98685
0.771772 2.03025
0.777778 2.07407
0.783784 2.11833
0.78979 2.16303
0.795796 2.20815
0.801802 2.25371
0.807808 2.2997
0.813814 2.34613
0.81982 2.39299
0.825826 2.44028
0.831832 2.488
0.837838 2.53616
0.843844 2.58475
0.84985 2.63377
0.855856 2.68322
0.861862 2.73311
0.867868 2.78343
0.873874 2.83419
0.87988 2.88537
0.885886 2.93699
0.891892 2.98904
0.897898 3.04153
0.903904 3.09445
0.90991 3.1478
0.915916 3.20158
0.921922 3.2558
0.927928 3.31045
0.933934 3.36553
0.93994 3.42104
0.945946 3.47699
0.951952 3.53337
0.957958 3.59018
0.963964 3.64743
0.96997 3.70511
0.975976 3.76322
0.981982 3.82177
0.987988 3.88075
0.993994 3.94016
1 4
1.00601 4.06028
1.01201 4.12099
1.01802 4.18213
1.02402 4.2437
1.03003 4.30571
1.03604 4.36815
1.04204 4.43103
1.04805 4.49433
1.05405 4.55807
1.06006 4.62224
1.06607 4.68685
1.07207 4.75189
1.07808 4.81736
1.08408 4.88326
1.09009 4.9496
1.0961 5.01637
1.1021 5.08357
1.10811 5.15121
1.11411 5.21927
1.12012 5.28777
1.12613 5.35671
1.13213 5.42608
1.13814 5.49587
1.14414 5.56611
1.15015 5.63677
1.15616 5.70787
1.16216 5.7794
1.16817 5.85137
1.17417 5.92376
1.18018 5.99659
1.18619 6.06985
1.19219 6.14355
1.1982 6.21768
1.2042 6.29224
1.21021 6.36723
1.21622 6.44266
1.22222 6.51852
1.22823 6.59481
1.23423 6.67154
1.24024 6.74869
1.24625 6.82629
1.25225 6.90431
1.25826 6.98277
1.26426 7.06166
1.27027 7.14098
1.27628 7.22073
1.28228 7.30092
1.28829 7.38154
1.29429 7.4626
1.3003 7.54408
1.30631 7.62601
1.31231 7.70836
1.31832 7.79114
1.32432 7.87436
1.33033 7.95801
1.33634 8.0421
1.34234 8.12661
1.34835 8.21156
1.35435 8.29695
1.36036 8.38276
1.36637 8.46901
1.37237 8.55569
1.37838 8.64281
1.38438 8.73035
1.39039 8.81833
1.3964 8.90674
1.4024 8.99559
1.40841 9.08487
1.41441 9.17458
1.42042 9.26473
1.42643 9.3553
1.43243 9.44631
1.43844 9.53776
1.44444 9.62963
1.45045 9.72194
1.45646 9.81468
1.46246 9.90786
1.46847 10.0015
1.47447 10.0955
1.48048 10.19
1.48649 10.2849
1.49249 10.3802
1.4985 10.476
1.5045 10.5722
1.51051 10.6688
1.51652 10.7659
1.52252 10.8634
1.52853 10.9613
1.53453 11.0597
1.54054 11.1585
1.54655 11.2577
1.55255 11.3574
1.55856 11.4575
1.56456 11.558
1.57057 11.659
1.57658 11.7604
1.58258 11.8622
1.58859 11.9645
1.59459 12.0672
1.6006 12.1703
1.60661 12.2739
1.61261 12.3779
1.61862 12.4823
1.62462 12.5872
1.63063 12.6925
1.63664 12.7982
1.64264 12.9044
1.64865 13.011
1.65465 13.118
1.66066 13.2254
1.66667 13.3333
1.67267 13.4417
1.67868 13.5504
1.68468 13.6596
1.69069 13.7692
1.6967 13.8793
1.7027 13.9898
1.70871 14.1007
1.71471 14.2121
1.72072 14.3238
1.72673 14.4361
1.73273 14.5487
1.73874 14.6618
1.74474 14.7753
1.75075 14.8893
1.75676 15.0037
1.76276 15.1185
1.76877 15.2337
1.77477 15.3494
1.78078 15.4655
1.78679 15.5821
1.79279 15.6991
1.7988 15.8165
1.8048 15.9343
1.81081 16.0526
1.81682 16.1713
1.82282 16.2905
1.82883 16.41
1.83483 16.53
1.84084 16.6505
1.84685 16.7714
1.85285 16.8927
1.85886 17.0144
1.86486 17.1366
1.87087 17.2592
1.87688 17.3822
1.88288 17.5057
1.88889 17.6296
1.89489 17.754
1.9009 17.8787
1.90691 18.004
1.91291 18.1296
1.91892 18.2557
1.92492 18.3822
1.93093 18.5091
1.93694 18.6365
1.94294 18.7643
1.94895 18.8925
1.95495 19.0212
1.96096 19.1503
1.96697 19.2798
1.97297 19.4098
1.97898 19.5402
1.98498 19.671
1.99099 19.8023
1.997 19.934
2.003 20.0661
2.00901 20.1987
2.01502 20.3317
2.02102 20.4651
2.02703 20.599
2.03303 20.7333
2.03904 20.868
2.04505 21.0032
2.05105 21.1388
2.05706 21.2748
2.06306 21.4113
2.06907 21.5481
2.07508 21.6855
2.08108 21.8232
2.08709 21.9614
2.09309 22.1
2.0991 22.2391
2.10511 22.3786
2.11111 22.5185
2.11712 22.6589
2.12312 22.7997
2.12913 22.9409
2.13514 23.0825
2.14114 23.2246
2.14715 23.3671
2.15315 23.5101
2.15916 23.6535
2.16517 23.7973
2.17117 23.9416
2.17718 24.0863
2.18318 24.2314
2.18919 24.3769
2.1952 24.5229
2.2012 24.6693
2.20721 24.8162
2.21321 24.9635
2.21922 25.1112
2.22523 25.2593
2.23123 25.4079
2.23724 25.5569
2.24324 25.7064
2.24925 25.8562
2.25526 26.0065
2.26126 26.1573
2.26727 26.3085
2.27327 26.4601
2.27928 26.6121
2.28529 26.7646
2.29129 26.9175
2.2973 27.0709
2.3033 27.2246
2.30931 27.3788
2.31532 27.5335
2.32132 27.6886
2.32733 27.8441
2.33333 28
2.33934 28.1564
2.34535 28.3132
2.35135 28.4704
2.35736 28.6281
2.36336 28.7862
2.36937 28.9447
2.37538 29.1037
2.38138 29.2631
2.38739 29.4229
2.39339 29.5832
2.3994 29.7439
2.40541 29.905
2.41141 30.0666
2.41742 30.2286
2.42342 30.391
2.42943 30.5539
2.43544 30.7172
2.44144 30.8809
2.44745 31.0451
2.45345 31.2097
2.45946 31.3747
2.46547 31.5402
2.47147 31.7061
2.47748 31.8724
2.48348 32.0392
2.48949 32.2064
2.4955 32.374
2.5015 32.5421
2.50751 32.7105
2.51351 32.8795
2.51952 33.0488
2.52553 33.2186
2.53153 33.3889
2.53754 33.5595
2.54354 33.7306
2.54955 33.9021
2.55556 34.0741
2.56156 34.2465
2.56757 34.4193
2.57357 34.5925
2.57958 34.7662
2.58559 34.9403
2.59159 35.1149
2.5976 35.2899
2.6036 35.4653
2.60961 35.6412
2.61562 35.8174
2.62162 35.9942
2.62763 36.1713
2.63363 36.3489
2.63964 36.5269
2.64565 36.7054
2.65165 36.8842
2.65766 37.0636
2.66366 37.2433
2.66967 37.4235
2.67568 37.6041
2.68168 37.7851
2.68769 37.9666
2.69369 38.1485
2.6997 38.3309
2.70571 38.5137
2.71171 38.6969
2.71772 38.8805
2.72372 39.0646
2.72973 39.2491
2.73574 39.434
2.74174 39.6194
2.74775 39.8052
2.75375 39.9915
2.75976 40.1781
2.76577 40.3652
2.77177 40.5528
2.77778 40.7407
2.78378 40.9292
2.78979 41.118
2.7958 41.3073
2.8018 41.497
2.80781 41.6871
2.81381 41.8777
2.81982 42.0687
2.82583 42.2601
2.83183 42.452
2.83784 42.6443
2.84384 42.837
2.84985 43.0302
2.85586 43.2238
2.86186 43.4178
2.86787 43.6123
2.87387 43.8072
2.87988 44.0025
2.88589 44.1983
2.89189 44.3944
2.8979 44.5911
2.9039 44.7881
2.90991 44.9856
2.91592 45.1836
2.92192 45.3819
2.92793 45.5807
2.93393 45.7799
2.93994 45.9796
2.94595 46.1797
2.95195 46.3802
2.95796 46.5812
2.96396 46.7826
2.96997 46.9844
2.97598 47.1866
2.98198 47.3893
2.98799 47.5925
2.99399 47.796
3 48
e
